[gd_scene load_steps=11 format=2]

[ext_resource path="res://BHOP_BODY.gd" type="Script" id=1]
[ext_resource path="res://textures/crosshair.png" type="Texture" id=2]
[ext_resource path="res://debugstats.gd" type="Script" id=3]
[ext_resource path="res://gunmaterial.tres" type="Material" id=4]

[sub_resource type="CapsuleMesh" id=1]
material = ExtResource( 4 )
mid_height = 3.0

[sub_resource type="CapsuleShape" id=2]
height = 3.0

[sub_resource type="CylinderShape" id=3]

[sub_resource type="CubeMesh" id=4]
size = Vector3( 0.1, 0.2, 1.5 )

[sub_resource type="SpatialMaterial" id=5]
albedo_color = Color( 1, 0.0470588, 0.0470588, 1 )

[sub_resource type="Animation" id=6]
resource_name = "AssaultFire"
length = 0.08
step = 0.01

[node name="Player" type="KinematicBody"]
collision_mask = 2
script = ExtResource( 1 )

[node name="MeshInstance" type="MeshInstance" parent="."]
transform = Transform( 1, 0, 0, 0, -1.62921e-07, -1, 0, 1, -1.62921e-07, 0, 0, 0 )
cast_shadow = 0
mesh = SubResource( 1 )
material/0 = null

[node name="CollisionShape" type="CollisionShape" parent="."]
transform = Transform( 1, 0, 0, 0, -1.62921e-07, -1, 0, 1, -1.62921e-07, 0, 0, 0 )
shape = SubResource( 2 )

[node name="Foot" type="CollisionShape" parent="."]
transform = Transform( 1, 0, 0, 0, 1, 0, 0, 0, 1, 0, -1.5, 0 )
shape = SubResource( 3 )

[node name="Head" type="Spatial" parent="."]

[node name="Camera" type="Camera" parent="Head"]
transform = Transform( -1, 0, -8.74228e-08, 0, 1, 0, 8.74228e-08, 0, -1, 0, 0, 0 )
fov = 90.0
far = 10000.0

[node name="RayCast" type="RayCast" parent="Head/Camera"]
enabled = true
cast_to = Vector3( 0, 0, -200 )

[node name="Hand" type="Spatial" parent="Head/Camera"]
transform = Transform( 1, 0, 0, 0, 1, 0, 0, 0, 1, 0.271, -0.352, -0.899 )

[node name="MeshInstance" type="MeshInstance" parent="Head/Camera/Hand"]
mesh = SubResource( 4 )
material/0 = SubResource( 5 )

[node name="CenterContainer" type="CenterContainer" parent="Head/Camera"]
anchor_right = 1.0
anchor_bottom = 1.0
__meta__ = {
"_edit_use_anchors_": false
}

[node name="TextureRect" type="TextureRect" parent="Head/Camera/CenterContainer"]
margin_left = 512.0
margin_top = 300.0
margin_right = 512.0
margin_bottom = 300.0
size_flags_stretch_ratio = 0.0
texture = ExtResource( 2 )
expand = true
stretch_mode = 4
__meta__ = {
"_edit_use_anchors_": false
}

[node name="RichTextLabel" type="RichTextLabel" parent="Head/Camera"]
margin_right = 100.0
margin_bottom = 100.0
rect_scale = Vector2( 5, 5 )
fit_content_height = true
script = ExtResource( 3 )
__meta__ = {
"_edit_use_anchors_": false
}

[node name="GroundCheck" type="RayCast" parent="."]
transform = Transform( 1, 0, 0, 0, 1, 0, 0, 0, 1, 0, -2, 0 )
enabled = true
cast_to = Vector3( 0, -1.5, 0 )

[node name="AnimationPlayer" type="AnimationPlayer" parent="."]
playback_speed = 2.0
anims/AssaultFire = SubResource( 6 )

[node name="Feelers" type="Spatial" parent="."]

[node name="Feeler" type="RayCast" parent="Feelers"]
transform = Transform( 0.939693, -0.34202, -8.74228e-08, -0.34202, -0.939693, 0, -8.21506e-08, 2.99003e-08, -1, 0, 0, 0 )
enabled = true
cast_to = Vector3( 100, 0, 0 )

[node name="Feeler2" type="RayCast" parent="Feelers"]
transform = Transform( 0.883022, -0.321394, 0.34202, -0.34202, -0.939693, 0, 0.321394, -0.116978, -0.939693, 0, 0, 0 )
enabled = true
cast_to = Vector3( 100, 0, 0 )

[node name="Feeler3" type="RayCast" parent="Feelers"]
transform = Transform( 0.719846, -0.262003, 0.642788, -0.34202, -0.939693, 0, 0.604023, -0.219846, -0.766044, 0, 0, 0 )
enabled = true
cast_to = Vector3( 100, 0, 0 )

[node name="Feeler4" type="RayCast" parent="Feelers"]
transform = Transform( 0.469846, -0.17101, 0.866025, -0.34202, -0.939693, 0, 0.813798, -0.296198, -0.5, 0, 0, 0 )
enabled = true
cast_to = Vector3( 100, 0, 0 )

[node name="Feeler5" type="RayCast" parent="Feelers"]
transform = Transform( 0.163176, -0.0593912, 0.984808, -0.34202, -0.939693, 0, 0.925417, -0.336824, -0.173648, 0, 0, 0 )
enabled = true
cast_to = Vector3( 100, 0, 0 )

[node name="Feeler6" type="RayCast" parent="Feelers"]
transform = Transform( -0.163176, 0.0593912, 0.984808, -0.34202, -0.939693, 0, 0.925417, -0.336824, 0.173648, 0, 0, 0 )
enabled = true
cast_to = Vector3( 100, 0, 0 )

[node name="Feeler7" type="RayCast" parent="Feelers"]
transform = Transform( -0.469846, 0.17101, 0.866025, -0.34202, -0.939693, 0, 0.813798, -0.296198, 0.5, 0, 0, 0 )
enabled = true
cast_to = Vector3( 100, 0, 0 )

[node name="Feeler8" type="RayCast" parent="Feelers"]
transform = Transform( -0.719846, 0.262003, 0.642787, -0.34202, -0.939693, 0, 0.604023, -0.219846, 0.766045, 0, 0, 0 )
enabled = true
cast_to = Vector3( 100, 0, 0 )

[node name="Feeler9" type="RayCast" parent="Feelers"]
transform = Transform( -0.883022, 0.321394, 0.34202, -0.34202, -0.939693, 0, 0.321394, -0.116978, 0.939693, 0, 0, 0 )
enabled = true
cast_to = Vector3( 100, 0, 0 )

[node name="Feeler10" type="RayCast" parent="Feelers"]
transform = Transform( -0.939693, 0.34202, 0, -0.34202, -0.939693, 0, 9.23706e-14, -4.61853e-14, 1, 0, 0, 0 )
enabled = true
cast_to = Vector3( 100, 0, 0 )
